19608271
16894243
17825558
21465862
16368583
16654395
17678397
17241605
18325065
19251478
18005368
15644598
17360723
15543131
16730163
14640061
16412930
17771330
18601835
18290340
19664393
15861681
16398559
17916627
14495629
17242495
15520456
16114872
15432032
18917368
16367544
16494293
15368156
15306991
16503169
15438994
17190047
16381971
17715037
19425025
15959097
21547428
16224404
19216771
15768184
21090518
17317693
19553983
17890424
18015630
16113019
18488122
18812634
15918204
15951481
16179344
17520017
17540283
16138945
14718749
18743799
25142775
17888113
18284190
14289724
18157824
15065071
20828125
15139946
20212171
18076603
19724540
17576577
15036086
18071445
15522060
15826826
18663229
16527101
15239243
16924719
18504609
15536893
17475539
17520348
15264643
18250099
19078562
21711890
18379475
14772229
19203992
16919357
17058109
15176620
14686505
20208855
14163241
18319759
17796006
20690278
16325407
14859765
15846506
19175257
16554866
14827686
17935359
15557743
28979510
15030100
18304901
15340994
21064004
15775947
18150628
16636800
16619497
15109156
17349093
21123586
17122955
30803925
30667841
28183704
21046445
20159549
18325056
17810309
19752831
18944464
18541626
18654453
20481067
18698442
17944710
17419929
25665790
27113422
22444232
19468091
18948379
22244191
21878459
21899459
28660955
22973046
18528164
27239442
22091916
19787758
26721720
30962214
29113448
21592188
25738201
18447190
18203771
21283696
19036862
17405758
21978486
21026429
31036220
19180752
19767629
22353749
19034715
19001224
34981111
19917764
23847632
22028562
19707967
32779330
20516820
19338622
21083415
21228389
21840132
19191426
22869850
21944290
19420358
17945607
18257821
18112797
29433392
22535208
19560574
20965658
17509351
21914384
31002480
19053579
18412086
19396009
19581461
19154704
39955429
24460499
31499776
23909546
24018945
31087241
26029588
26586687
27178448
21968743
29594135
22781956
21482350
20679195
20993222
25702526
17723193
21199628
28765163
23070652
21832621
21990024
19449766
20233772
25305860
24148347
19253586
25884141
18125669
18334782
19520187
21736593
18002536
22481471
17804860
17691682
17189355
26467558
38407466
27256829
30208964
36533603
20869050
22887946
25092933
27926206
36835516
25146993
34180707
23159925
23730169
21801852
24465715
23113672
33764509
37242743
19541770
17633913
22237728
33771401
24888884
23237473
23307964
21583036
21605456
27325010
20149030
24896366
37291815
25035741
19479014
23680271
31121173
26789984
22930674
24456355
21051798
20492160
21387258
21851719
22771843
24795722
19430800
32015552
21727832
24393738
27732225
20127369
32467919
51027840
50677571
22388644
22853336
23023517
19014833
21702141
23484120
35880486
24878377
27199781
20844807
23371267
24166011
19589417
24696474
22559417
30940634
23409725
22736391
24696635
18880696
20638847
17923548
31356696
21183193
31444973
25008044
41541641
23017513
19572589
33586804
24565743
20101371
19580147
21929511
19048076
29386428
19794933
20761728
19578414
21737350
19825242
26139176
19426705
19386278
25668149
18297358
20175292
20334513
26257375
25382835
22795214
27858847
19744588
18868814
18775090
26781003
18105880
20127728
18931806
28734170
19471406
28246107
21479766
48946804
22865975
24712807
21549351
35928946
26440404
21901462
23065306
29747479
23942089
27376747
22835686
18289468
31433528
21412530
18824669
18818825
22689739
26231426
21731827
23621791
24352248
21866546
19318566
22653689
20130589
34709036
20044376
21722792
18692381
18942190
20788725
19488095
29281556
24239771
23560329
31052770
20916586
19085218
21125301
18675274
16811355
19859410
21690422
19058149
18442109
25623806
28531112
27370343
30948417
36162293
30043180
22429307
25938417
23278969
20836547
23769600
23548901
23892422
24224472
28920002
27209921
32606079
21754042
28314365
21883513
22477920
26160615
31847388
58493623
34877609
59268162
32926555
33362805
62206472
62895310
32587815
30649871
30892429
50401612
61570375
51268812
34541837
25372184
28118766
31453855
49005242
45828244
28729507
57464474
30013609
41683112
25596870
26573636
40450849
38324613
39657840
29972799
30231468
48986530
60587141
52745428
37205713
43247209
27796876
38232148
24546885
28197026
21118811
20803732
22885392
29508582
25693349
22709753
24705268
20820823
50067742
24397119
20924945
19794140
20605037
28646406
22999687
18844627
24429910
26136438
29813809
18941493
24465773
31111088
27023048
24888430
26410498
23193539
21455885
35919226
27225500
21593603
27767910
22664566
25358186
20218912
19752792
21525576
19467750
25117283
25980939
22837520
25706086
20972469
24965133
23235015
18288713
24270011
20348812
22421648
19678216
20986985
21763679
19893415
20187423
19333041
18259644
27271675
21153055
24296443
20606092
20328304
18568514
19347219
19576579
24855398
20533542
18595581
18989801
22389569
19329418
21575437
22447078
22345639
19964821
20337920
21924831
21987674
26365432
19869786
22605791
28326944
24856677
34796023
19727405
28669448
20880174
21329846
22343617
18104603
37130559
21128978
20098278
19378827
26838179
40566408
23026725
21353453
19292661
18174583
21401567
21160221
28666604
22043455
23632189
22992385
41743121
19498093
20448586
23375607
20779562
25027010
26886315
26818301
22284061
22340357
22451399
24315941
19259601
22851921
19423696
23007308
21614608
22892513
40106479
21397730
22805795
28981769
20162772
23659835
21302183
23009001
31339739
33142378
40738345
40252096
31506590
23898904
22538134
33814154
25442033
21059484
31603450
26402755
18997314
23363377
32015130
40101128
34513308
22882724
27803990
37588933
43829363
43408066
39368937
49001880
59271721
30104083
28104246
36489557
29356284
25243027
27301221
21776803
32914092
21454420
23485347
23011928
21593291
35417687
24168310
31888563
21793581
24826411
20925674
26313261
19306030
22958901
20010907
21373435
30195886
21703277
22167348
22318795
20294755
20678799
19201466
24509848
20494169
37226494
23078194
25299544
20455876
22397083
19752078
25067879
20926934
25201920
20858039
25756564
22254780
26076188
19106929
22694514
19187246
25604671
28499819
27671709
50546057
27075644
34334845
28117662
24191518
23856661
20877091
34894082
22833680
20611523
30509888
27216874
21406215
21251451
23903851
22634743
22235454
23930183
27419141
25643562
27644176
25954996
25473362
20382125
21775239
31346384
35578208
22406388
21397591
27821154
24463643
22475751
24333162
23933583
21513597
27761193
21867033
22604788
39528859
25692552
25083523
23774299
28357623
25608980
23344536
26730918
38272856
41232529
32469011
32811477
23796569
33218932
34688721
22693330
29700222
19262083
29931824
24550987
22323400
23361829
21492311
37165537
20419286
20515239
22562629
21237547
19030035
20233892
21756239
28299140
21319346
21402951
21694926
21962731
20953900
20000902
22599796
34440927
30746537
27134042
22706257
21365580
21773964
21630179
29922241
17909344
16833297
21770275
19351583
20940975
21211546
21985864
31471925
21146299
20618645
18685497
19116808
17844385
21129941
24086681
24156267
19821885
19462227
22278434
22896072
21828149
20151295
19162058
23010562
20564311
19666697
21160016
24032215
22554308
26925246
37588374
40719817
22315129
33787619
23980937
39760773
32856762
26721243
32874259
23997599
33492305
35656951
23821676
23031296
23677941
22198773
25364027
34789960
26795792
24381118
26302459
20531213
25822651
19094725
23587442
19272764
33867362
32653396
26817344
25721132
26986457
27799908
23390990
28631861
21847239
22850533
23006970
28550771
21085071
25886435
24615772
21462124
26959237
34404203
21181115
20826316
21155082
21238395
23283427
32674461
24683523
34431897
20995036
19033881
20921071
24623957
58489162
95402640
79849928
44041665
30294028
26374986
45196464
25500911
20997180
38306905
28378574
40447131
24076939
22496973
39221785
26862760
28738590
27196821
21490408
31367359
31068533
26951992
20604993
25068048
28637946
26829317
37328737
23132079
22446078
37065507
28051294
24006222
22631317
29234380
29763201
24408700
21928728
23044721
23906243
22440389
19486404
20786404
21002989
21556540
20407716
22242318
24289752
24549343
20039845
28325176
25820092
20893304
31512245
21434019
23893383
23847287
23237586
21517881
21144889
24332913
26169498
38102165
24624216
33612376
28825140
33981786
32862305
33210459
28512249
25400189
25262799
28327798
20503771
19634828
19254919
18215137
20425297
21116346
19741317
20432528
18124578
18656338
29305052
24234439
37062334
25501765
21787627
20236425
24483066
32330132
27576035
22838006
24368795
27258995
30581927
24064572
23530650
26573849
27578138
24359667
27642462
24737377
20498680
23252446
18107245
18991407
23938126
22810613
23883440
22775194
30507648
20381464
19758038
19528270
21157890
22702427
21173404
42650385
25199908
32099984
23697346
22902526
23961544
18884442
23160134
23022339
21814905
23790468
20507026
29674351
39742360
49239886
69655722
78326506
88844885
141052535
89325755
72229005
45402673
79584505
67826623
73749783
40906132
48822734
59868152
49561731
38213841
31695015
31989505
32759152
32724551
28371731
27652960
48418336
30795370
43246316
40190823
44516964
51823827
54158384
61717938
52636676
