23287428
26282397
27310901
22879710
17613920
19821206
14089316
15002666
15636263
18426524
14524138
17750905
16912762
19676852
16557530
19350792
15289427
14206355
17119564
16705503
15220292
16792152
13738124
15797500
14483839
23003109
14673315
20503208
14502777
18136749
20821494
16656573
12640648
17248249
13633829
19462125
16041311
19763026
14478296
23261675
15674675
19146197
15863225
17458757
17524578
16936515
18245758
16217423
17589172
17455847
17093180
17477254
16000525
17131083
20227835
16647290
16176420
18216831
18582065
16884620
19262319
18502521
19182019
17167025
18824098
18029826
17562599
22416131
16727672
18149576
17396589
18987658
18452102
18422721
19016836
17181819
15956228
18071802
19671541
16181231
19234511
28795071
17806560
21518163
20143069
20026949
17672154
16850762
27519549
19549110
21647822
16366689
17090735
27677988
15847323
18097452
16099064
22829791
17930607
18454080
36917880
19900394
28030495
19812358
18034064
22750711
22245324
20415333
17487147
15858746
16898362
17220348
19121654
19174936
21756754
17232347
18957311
21240532
17805274
17594845
17907454
17987802
15906929
18906634
16182339
18087960
24050595
17760422
28595830
27673169
26137178
20045116
18797449
24180288
18874884
18678453
16309936
15681386
20675346
18202651
17844210
16482331
21691312
19374950
21115377
17917224
15815539
19103405
16701734
18446881
18118243
15648470
18841760
16166498
17406546
18395843
15577628
18140833
24724716
18295474
33783230
16307128
15102270
21323396
17084729
16024833
17659124
32394569
16017464
19920434
19544142
15052797
18535836
18369652
21658275
16742887
18764586
20113211
18112434
25519763
30302447
16774219
20081115
23853791
16993130
18740847
16274708
18047834
22785611
15525525
18121140
16271904
22929749
17455636
20410254
18595627
18209063
19375099
21853165
17181191
20580789
17805249
18880250
18866153
16819903
22156331
16700485
19195254
17836932
17181176
18227925
25460265
18534033
15852925
16075367
17954685
15540765
29473660
16911619
15835574
17995080
15623645
18943650
16401757
21044283
26155194
20992273
20034905
16802402
19179614
40481355
20948474
18638111
20999905
18160648
17209701
26729723
21405125
16349153
15936352
29932198
19852021
17473544
22433777
25038889
21843705
17806605
17497683
19932007
25923181
28608881
27297237
21709279
21705759
30084782
34364969
22589440
26265987
28284126
33116285
33188589
31821955
23930506
24835347
23528658
19957419
34118676
34509120
22399504
24163185
26446381
20094046
31063123
19585879
19481081
22732451
25508086
21342103
29398249
20656421
25615780
23791259
19406366
36847672
23883301
20878418
23680866
21159670
24360370
19156665
21661606
26343519
30070593
25511689
28249519
25245838
27314493
19397070
20162021
18502919
20237486
22199761
19811746
19730532
19833409
19729417
26276134
25470308
44743764
29806997
31979299
30590975
26220989
24299642
28699173
22476666
22983476
27126738
24456441
23638613
21782497
25554177
22115138
22168845
26306459
20629281
20777053
32566653
21972102
22428197
18419917
17149675
21666620
20273793
21423834
18056544
16929167
20623796
26425465
21325246
21013411
20506225
22446937
20032583
17725277
16225862
18543983
18077248
15157152
27033467
20009927
19618005
20961161
21261845
22360325
16309506
18442410
18784804
16459884
19093766
18235656
15939181
19620585
18265397
15961974
21997120
16394696
18219780
16421563
19321518
15447250
19965695
18429257
17390408
24610590
17137186
15417522
20745091
18548384
19724330
15748111
17693370
16713688
18129424
22062269
17226276
20700888
19282297
17644181
16646521
23330686
26612115
20836981
23264404
15867729
18770456
28616110
19158600
17271964
19319788
17483161
18947954
22548354
22121955
16354361
20527725
18433679
15961153
18426132
17553353
17954178
16552971
21859965
16599607
15746503
29019032
24868738
20894034
20642356
21869542
19440113
18990489
26859853
20361760
18055180
16935287
18271848
18452142
19191045
30940583
26231403
22992109
18758840
23140966
17414250
23059564
21777673
20620773
18576877
19841205
16763044
19681079
34796594
17958307
19366955
17126225
18735259
23280649
21009064
18150548
16415909
22447325
18239434
15939442
20471225
15399277
15854108
22355978
18197063
15794991
16012872
17414079
20752896
19647442
16688111
19073731
15971438
22224684
19459155
16120471
16883685
18067323
22353590
15479140
18643967
15123571
17316981
23768760
20090020
16762140
16592450
18596079
25666334
24449735
20228386
16311555
18706317
17953484
15902634
18355221
30476346
18287203
17067426
20410988
18790655
19287280
21491101
29737177
30217027
21681705
25259656
18668872
19306462
22122522
18766141
22887169
16882950
19164534
19250921
16755735
26314413
29724217
17338082
22256900
28268131
22122483
16426632
15545808
19488266
16347801
18333538
15673671
18673722
15759189
16647440
18357403
26181695
17902434
17449462
15938885
18127349
16043293
17846031
25935346
17205915
19749501
16633442
18834373
17757295
19094997
20988680
17708310
20397374
19188529
16154360
24557171
16304456
23448723
18762032
16574634
17561862
15536401
23629439
23868566
16253581
15575715
15367996
23876688
18767650
15965093
19171926
16557565
20344228
17179644
16933623
16930749
22685823
17733347
25857622
17687050
17517425
18420535
16900760
24714337
18085342
16341445
17601056
16375976
21358109
17758362
25299984
20995324
17937201
22294994
19392239
15348223
18553932
28285447
19815499
19273833
17554178
19394223
19134626
19578475
21776967
17586352
19756333
18533454
16419509
23418390
18853570
18933663
22151315
16094210
17414265
18510136
17727232
17308105
15225560
18899547
19344839
16356801
20451516
15784986
17031214
21371610
16491594
19804547
16462830
21406798
15615060
18901354
19104041
19964904
26719259
22624019
18845261
16973835
24541678
19297920
16506387
18651677
22227066
18408967
16811628
20433309
23815381
17864283
17308768
20170117
21617333
23883981
20750568
16076981
16482780
17713472
15447566
23908419
18393004
18564432
26959232
18589179
18164904
17896534
21078667
20639623
20847094
18320393
18535384
22878885
32055198
19865979
18737353
23210461
18665115
16363187
23676990
25144368
18313305
16448942
18689777
15888344
19262172
27478423
19916993
18073432
17018150
18472151
17661243
15671296
28077734
16943705
22077104
18245981
17913497
19481950
21245043
26841801
27121542
21402380
18940662
16361686
18314525
16142596
21097010
17799155
18072779
19902765
16032960
18395537
16033587
31891192
18746600
16394264
18631193
15942347
17689589
20151603
15976162
16671195
16372543
29985291
21550213
16870226
19540496
26132642
24045202
22782180
16784193
19275261
22366157
28454678
19148110
15401892
20096833
24692917
16032299
19098787
16801606
16560848
19186243
22295658
16913359
18427202
22805955
22567665
19712736
20521381
19066335
19711699
21548286
21346080
20086230
17154625
20510720
18171394
28540354
48193979
25170236
23636491
21406587
18109940
19175871
28995104
19366177
21445730
19711838
30105479
19122743
16891323
18151108
19478899
20912920
15919221
18462925
15388285
34014978
17515654
18604357
15850795
16372609
18037290
20982352
31371146
15390841
17807881
16679231
16787624
17575828
20873422
21146851
21133425
17520779
20134026
28276090
19015032
16659850
16972553
19639224
15521092
21222862
18555499
16552524
22266901
15852246
19433842
21062480
17049393
15194633
22107438
22520003
19653696
18885422
18842365
16484237
16030750
15575784
15662681
18218430
16383950
20639383
19066561
16799787
17931359
18523470
23204242
16083104
15645510
18346707
16467149
22031620
19497824
18884224
15649241
22225698
18555343
20782199
19749199
20869329
22094332
19303981
17067119
23306443
15927566
19264535
20298551
17405223
19400658
18236320
19276212
15953659
30050562
24458663
19807313
17587666
19583004
19005343
17383069
19507840
23559960
24181476
22504082
20112323
25112948
22250121
21773552
21611106
33285597
38826188
52496819
37360910
28311605
45666675
46865122
33473163
46536964
36448322
31449755
24828076
23307494
25974699
21768054
20144470
19537403
21409475
22973147
17330020
18787186
17847507
17450668
20027169
18814774
16580876
30406308
27171218
16464749
18985144
16327378
22880286
22521673
18503846
15306760
18559627
16251695
17393578
23142597
14790923
16563959
18569461
15471036
18071154
15422812
16966588
19850874
16955757
18377685
16018408
22450917
18092877
17552064
16038940
21778303
15682727
17962416
21672543
17331787
20009123
20163787
18023022
22017672
18412494
16152020
19086543
17121270
16593456
20149526
16815686
26555054
18964827
16643383
18387547
19447866
22014673
19160334
18766489
15728924
15591258
20437383
18207653
16092442
16732277
17713372
19896455
17726512
15351391
17666624
16425158
27744306
16197462
17655886
15262464
21489938
25835491
15989528
17264493
16110695
18481271
16995910
19003017
17845846
22530128
19001240
18660801
16104778
20975056
18329702
19724167
25312490
20511685
16684716
17160109
16883917
24315302
18845774
18873457
15674490
18603632
16137885
21338750
20194078
15508075
27713399
23970896
16269198
22313438
15600758
17151543
28249156
16335265
17378214
17360874
16108356
18357409
15296617
20497928
18600719
17476263
16411737
21896880
16319208
