361228453
304663273
303803548
310385200
306055658
297580030
343968249
297513929
298946359
291096501
308120419
314473077
321025880
306895336
309500901
313267972
296235898
614277457
450749046
309110824
309392591
307850868
292048121
324779916
346200175
308437735
295923861
332467609
302415505
366306727
452542317
387396543
379284861
363005492
441676837
368004487
393588460
391056658
427008861
401709407
398086259
415786070
461463683
572243415
469078532
411652319
513708888
500884811
431927954
395153326
441753378
423659606
572115975
583548657
405242495
367362800
377665078
381249842
432205271
398386802
367395639
380584139
356370753
370210043
375266049
441642148
391884581
379779405
373629755
381575140
375721118
382853497
404000611
393183606
380273211
452086311
429719207
434878882
428126178
368210324
369850423
388157906
371275091
368285152
376334398
492237552
434278408
427765805
406848632
406666654
374460788
398691811
411011426
372107162
414425040
378324501
399909225
385833712
412467830
409796188
389982581
396190385
394491323
455047643
455318602
512461786
485272365
410601532
401717584
417008489
481498035
464532968
390036625
407930943
423696549
502725118
440106321
416623272
382741253
427554740
388603253
425145789
435471549
446144750
367137157
415036004
401595641
431000232
390951635
493872174
434798332
400663624
391299407
377456198
442555187
433259974
403311163
380933958
395060941
416611746
379866072
478042697
457673095
444510334
437144618
438605890
415932688
406186545
481715077
450704641
392642189
393247618
385827385
354341166
388851334
690597458
954896046
548901053
405643013
444681951
400437664
378066779
379489012
454578340
424459597
492901470
429857435
454118465
505815190
433366914
415943580
465066293
461561499
436520540
385576799
441197829
563341042
494213330
411770202
439859982
410294296
402378345
391873334
471102392
406940861
414867342
407662420
400556390
374739516
483639741
412323871
376106895
376058772
452012270
460093618
494251772
504189532
406666568
415438352
443560692
444852595
503206228
418331640
378313276
411960458
370241951
411419632
389681438
453136247
391972770
368446395
420672608
443596803
537160534
491154077
458394599
457606324
453690338
380652253
372851938
420993818
390580640
401944444
394881509
428388026
469220670
563437062
489682256
427712751
403618108
406417294
483249898
477415710
409086706
465870423
455261607
380071193
411176964
359518726
396283241
432512237
500291638
436908969
450916351
433605536
449351455
382135344
442029800
422450599
424562957
418047912
436707975
387003652
387860188
426623994
406883297
406405035
444490191
452873588
797443373
1131419155
662758708
563305641
512535693
679963193
614661927
523353927
485657815
915104819
714343480
536449485
431883134
437516914
399990523
412606284
369368816
432381001
421116720
425181714
375688332
464314257
440143014
449195989
395204343
404255682
368588694
394788408
394972961
376869292
419879112
389069180
456790107
383317475
385151536
383066752
408260882
381704477
363696798
361406410
462623913
503940311
381484797
452265215
383830774
395100792
344220700
390069111
355801532
392995576
380043545
357441445
353699405
407250432
398278772
433316694
506985953
543366392
492141949
579850010
421578224
468382585
377833544
377438544
379430370
363478295
365689940
370274197
377161511
368394039
361981902
388974967
386367654
383074569
388900338
440596865
402923497
385380408
369484202
439380913
411521846
399942589
418924264
384477134
389576077
371908132
415173054
464944462
456529093
409064477
474897129
533428718
417424270
458709714
539464846
460238097
459652297
512790671
472275697
456543602
391446216
409597077
376177863
353488571
478504227
424209805
418453144
370399275
398224905
421262348
624509939
557599118
460545058
378666646
467712333
443937381
397675648
468437951
489480914
413293275
464752367
477248100
427909545
435229807
460017592
439307176
449663957
440141319
429204008
518119938
456669210
404229781
424010710
389618950
424222367
478693926
484425418
531826500
588641518
455142321
411799218
489660949
518355756
407247033
441727225
392092886
475595115
452131143
387379720
453559033
441397499
484781890
429191673
445070944
446166349
542350118
422250523
402523735
373959786
428076029
431164878
389157865
449886884
372360203
411789674
429805929
413730688
443610525
458995380
446440415
406815477
405350971
432213163
404421805
392614128
385170949
453972668
418562747
410104505
381354926
434769648
371129347
382924377
361621970
398659848
365365067
372558894
386100511
362835585
394479045
365529626
404706808
359830266
358340243
377593292
369057239
365556641
393717470
381391125
383928275
376306681
367459246
357758459
389815268
361547152
409905300
365854075
356127836
370345481
370368888
408352830
371355890
425340183
472473426
421110667
388372023
403078415
395574549
500015654
457594826
465845166
390343076
392409330
381909795
373342580
401377087
353898501
367361378
364372339
351971026
409084888
394971680
418419624
356315717
381960660
375456071
377137480
373700370
360814033
457843697
368078244
381601155
362265632
377055937
362682379
413205700
384576303
396857739
370096884
397980824
356936234
414130165
419541301
359549498
360964086
415846782
384903940
365342195
482194603
473904762
398432608
385899574
423620276
552706178
454485698
438309387
435025495
407074734
461522829
377222376
398451557
460369782
394176963
387392971
428112908
394239633
423185404
420154251
422489073
399830958
392603583
392775471
442247586
408870835
479768767
432052805
475324766
403183995
393838488
360949106
443010834
464780639
389990965
403783428
376750546
425268726
406369823
380333677
390039574
419496769
378224962
368057536
397839916
439798551
413191949
381637065
399303363
382266070
363457348
433927226
481234692
401401391
418388211
439254705
432908589
370494385
426654130
422356170
396839415
386028820
398076396
412923724
428066431
456853629
430364602
401823493
378591927
452921380
438130160
379043489
379623872
381077187
403812388
436898220
415157281
477988479
480937663
474443499
451619774
402508449
572189759
650406453
496512062
402924779
507805772
764983129
689849571
456306766
486092658
512271028
417929919
434345479
419161859
404600625
426750091
499191810
561290640
518867323
429152777
377801172
452685075
389382268
421571750
424065977
408896232
416266048
394494330
451204533
403471247
418904871
393664528
378491319
462693264
388728324
381499118
393877825
451516102
391392329
406424620
401597824
417687155
429117042
470517873
394101185
380766332
373545407
390450010
393771847
373717549
477696822
500251080
524657457
622700801
419978066
483756397
384220416
415124538
462804015
420478954
413178802
513553155
437353413
422204590
443406661
406502998
443780107
463450616
410057968
397794081
481805978
476891273
463286133
440888390
429075428
407831618
473405415
405732062
381373208
393998583
402274039
416572607
386223715
407626261
398547653
420928501
457370907
373343522
415116265
382543944
398970710
409251622
386558173
386242969
427620994
381268085
383554544
450806534
453640057
449914599
384795487
418588656
428762194
440936401
377777022
507870731
403524353
415667747
387190185
381933302
372866508
394362557
416596690
382425467
390710799
354669366
361676222
362536583
414067140
384977958
393435268
373143910
395044400
392298620
391428855
421740443
407619173
397850089
402268339
467289054
454992519
532730358
398957003
409058580
402599855
372548661
397334429
371543689
390428976
371343060
360037644
402535500
375777963
423420124
407339949
406895001
364547357
377425883
383394354
377353287
379801983
435094557
393855126
391916712
396396363
396457240
396011613
372274042
454953260
376321175
414162519
442373348
398800383
396086392
400236655
426573897
416761152
402734851
441498563
424024415
388524263
532636832
429165282
459224474
423802577
502385169
426444447
417662748
435761394
419752907
447038863
437539770
415213575
397622605
430272697
435416603
400323388
407915616
402080176
437162262
417529071
424409393
392107887
419320626
411612434
442878394
407998993
392648623
467202461
465409196
403868034
392338514
388214969
396948359
366243087
369361969
393015549
404496636
408662904
401181245
424810585
433179996
394459662
389953537
463365933
409472336
393289955
423620291
387327168
406619437
374242663
495510018
399287122
383572815
403096916
520627329
556060183
463321393
446075266
448805119
395607675
418454854
429051138
452870399
427293963
394747196
414171823
462492012
384669642
442683606
372759363
386208508
400804817
401478370
383443544
407456399
424952043
411576638
374588962
401399942
426183153
446136165
506459347
457025002
422602497
420412851
728394172
554874534
507484982
485632500
444189534
420822808
440048472
398425199
400707014
407280240
443150860
441362190
401601194
452379651
395148035
395577344
386188779
362842605
370871034
408558648
378829085
398730051
380507087
400796839
460164572
476584503
411524162
468112882
447141267
406165182
447347105
481733630
443921626
397527545
377742709
388681709
382394919
419538870
359783173
465534588
473759064
367114293
386469780
391088411
384348839
427167486
391383581
485226910
432575152
502593107
429379433
387113226
392804970
408034725
420869142
426439047
409209055
404498242
438924479
404639454
398111124
428042989
413666308
406130663
505493093
425719117
481777174
404491111
433231385
423448402
440844801
394608440
409970425
424431223
524628813
702968778
466989931
389749490
392818585
401234367
392345210
398540227
477717892
407661860
470212780
395019359
439099325
402993301
428437700
441172878
415369743
392071082
390676632
452239474
421490001
433668577
424774130
402822690
364698130
396117239
389997014
425226960
394914241
371447301
376524371
351641646
392804708
358816137
390339538
401836247
426448712
403299471
390413562
439900478
418932512
419705783
430461428
412316110
392104092
408022371
468288473
489890184
408588924
396777659
442037331
429892224
626998125
649793207
414139366
422471505
477681004
399060787
445823951
425873576
412412370
388474275
416316770
423084429
399123973
414235708
400019514
425536653
403871401
372999434
403928366
415990795
